%SECTION%1% Map
%FIELDS% Width Height RunLength msPerUnitTime FontFileName FontPointSize
2100 1700 10000 500 courbd.ttf 30 50
%SECTION%1% Shapes
%FIELDS% id type details colour
1 C 10 3 Circle, Radius Colour
2 H 20 15 3 Hollow Circle, Outer,inner radius Colour
3 4 -20  0  0 -20 20 0 0 20 7 four sided shape with 4 sets of points, of colour 7
%SECTION%1% Nodes
%FIELDS% id x y
100  2000   50
101  1900   50
102  1800   50
103  1700   50
104  1600   50
105  1500   50
106  1400   50
107  1300   50
108  1200   50
109  1100   50
110  1000   50
111   900   50
112   800   50
113   700   50
114   600   50
115   500   50
116   400   50
117   300   50
118   200   50
119   100   50
122  1775  200
123  1675  200
124  1575  200
125  1475  200
126  1375  200
127  1275  200
128  1175  200
129  1075  200
130   975  200
131   875  200
132   775  200
133   675  200
134   575  200
135   475  200
136   375  200
137   275  200
142  1775  350
143  1675  350
144  1575  350
145  1475  350
146  1375  350
147  1275  350
148  1175  350
149  1075  350
150   975  350
151   875  350
152   775  350
153   675  350
154   575  350
155   475  350
156   375  350
157   275  350
502  1775 1100
503  1675 1100
504  1575 1100
505  1475 1100
506  1375 1100
507  1275 1100
508  1175 1100
509  1075 1100
510   975 1100
511   875 1100
512   775 1100
513   675 1100
514   575 1100
515   475 1100
516   375 1100
517   275 1100
522  1775 1250
523  1675 1250
524  1575 1250
525  1475 1250
526  1375 1250
527  1275 1250
528  1175 1250
529  1075 1250
530   975 1250
531   875 1250
532   775 1250
533   675 1250
534   575 1250
535   475 1250
536   375 1250
537   275 1250
540  2000 1400
541  1900 1400
542  1800 1400
543  1700 1400
544  1600 1400
545  1500 1400
546  1400 1400
547  1300 1400
548  1200 1400
549  1100 1400
550  1000 1400
551   900 1400
552   800 1400
553   700 1400
554   600 1400
555   500 1400
556   400 1400
557   300 1400
558   200 1400
559   100 1400
562  1775 1550
563  1675 1550
564  1575 1550
565  1475 1550
566  1375 1550
567  1275 1550
568  1175 1550
569  1075 1550
570   975 1550
571   875 1550
572   775 1550
573   675 1550
574   575 1550
575   475 1550
576   375 1550
577   275 1550
%SECTION%1% ShapedNodes
%FIELDS% id x y shape colour
%SECTION%1% Arcs
%FIELDS% id start_node end_node
100   100  101
101   101  102
102   102  103
103   103  104
104   104  105
105   105  106
106   106  107
107   107  108
108   108  109
109   109  110
110   110  111
111   111  112
112   112  113
113   113  114
114   114  115
115   115  116
116   116  117
117   117  118
118   118  119
122   122  123
123   123  124
124   124  125
125   125  126
126   126  127
127   127  128
128   128  129
129   129  130
130   130  131
131   131  132
132   132  133
133   133  134
134   134  135
135   135  136
136   136  137
142   142  143
143   143  144
144   144  145
145   145  146
146   146  147
147   147  148
148   148  149
149   149  150
150   150  151
151   151  152
152   152  153
153   153  154
154   154  155
155   155  156
156   156  157
162   102  122
163   103  123
164   104  124
165   105  125
166   106  126
167   107  127
168   108  128
169   109  129
170   110  130
171   111  131
172   112  132
173   113  133
174   114  134
175   115  135
176   116  136
177   117  137
182   122  142
183   123  143
184   124  144
185   125  145
186   126  146
187   127  147
188   128  148
189   129  149
190   130  150
191   131  151
192   132  152
193   133  153
194   134  154
195   135  155
196   136  156
197   137  157
502   502  503
503   503  504
504   504  505
505   505  506
506   506  507
507   507  508
508   508  509
509   509  510
510   510  511
511   511  512
512   512  513
513   513  514
514   514  515
515   515  516
516   516  517
522   522  523
523   523  524
524   524  525
525   525  526
526   526  527
527   527  528
528   528  529
529   529  530
530   530  531
531   531  532
532   532  533
533   533  534
534   534  535
535   535  536
536   536  537
562   562  563
563   563  564
564   564  565
565   565  566
566   566  567
567   567  568
568   568  569
569   569  570
570   570  571
571   571  572
572   572  573
573   573  574
574   574  575
575   575  576
576   576  577
540   540  541
541   541  542
542   542  543
543   543  544
544   544  545
545   545  546
546   546  547
547   547  548
548   548  549
549   549  550
550   550  551
551   551  552
552   552  553
553   553  554
554   554  555
555   555  556
556   556  557
557   557  558
558   558  559
559   559  560
%SECTION%1% ColouredArcs
%FIELDS% id start_node end_node heads/dir colour ShortenedSource ShortenedSink
%SECTION%1% MovingThings
%FIELDS% ThingId Type Size Colour Label XLabelOffset YLabelOffset
%SECTION%1% Movements
%FIELDS% ThingId StartTime EndTime StartNode EndNode
%SECTION%1% Labels
%FIELDS% X Y FontName FontSize Colour Text
%END
